time=333507 Frame raw=1:
 markers=8:
  0) 7571.89,94.4409,453.148
  2) 7574.91,104.719,445.128
  3) 7594.03,101.217,434.54
  4) 7575.85,92.9976,442.849
  5) 7585.68,94.5591,417.014
  942750001) 9.775e-27,4.59051e-41,9.775e-27
  625889328) 3.33815e-09,2.518e-12,0.000216932
  2062781697) 0,0,1.78988e-16
  6) 5.88545e-44,0,1.78988e-16
  2) 6.16571e-44,0,1.78989e-16
  8) 0,0,1.78989e-16
  1) 1.78987e-16,3.09154e-41,1.78992e-16
  408385537) 0,0,1.7899e-16
  6) 6.86636e-44,0,1.78991e-16
  2) 2.69119e+20,5.25667e-39,1.78991e-16
  8) 0,0,1.78992e-16
  2299113985) 0,0,1.78993e-16
  6) 7.14662e-44,0,1.78993e-16
  1) 2.69119e+20,4.98116e-39,1.78994e-16
  7) 7.28675e-44,0,1.78994e-16
  1) 1.78989e-16,3.09154e-41,1.78999e-16
  2869056257) 0,0,1.78995e-16
  6) 7.14662e-44,0,1.78996e-16
  2) 2.69119e+20,4.52198e-39,1.78996e-16
  8) 0,0,1.78997e-16
  409875969) 0,0,1.78998e-16
  6) 7.28675e-44,0,1.78998e-16
  2) 2.69119e+20,2.60829e-09,1.78999e-16
  8) 0,0,1.78999e-16
  1) 1.78997e-16,3.09154e-41,1.79002e-16
  2209064705) 0,0,1.79e-16
  6) 7.28675e-44,0,1.79001e-16
  1) 2.69119e+20,4.24957e-05,1.79001e-16
  7) 7.28675e-44,0,1.79002e-16
  436437249) 0,0,1.79003e-16
  6) 7.28675e-44,0,1.79003e-16
  2) 2.69119e+20,0.000169029,1.79004e-16
  8) 0,0,1.79004e-16
  1) 1.78973e-16,3.09154e-41,1.79025e-16
  3333429505) 0,0,1.79005e-16
  6) 7.14662e-44,0,1.79006e-16
  1) 2.69119e+20,4.61382e-39,1.79006e-16
  7) 7.28675e-44,0,1.79007e-16
  2860938241) 0,0,1.79008e-16
  6) 7.28675e-44,0,1.79008e-16
  2) 2.69119e+20,2.57918e-09,1.79009e-16
  8) 0,0,1.79009e-16
  1) 1.79007e-16,3.09154e-41,1.79012e-16
  3322094081) 0,0,1.79011e-16
  6) 7.28675e-44,0,1.79011e-16
  2) 2.69119e+20,2.64108e-06,1.79011e-16
  8) 0,0,1.79012e-16
  409807617) 0,0,1.79013e-16
  6) 7.28675e-44,0,1.79014e-16
  1) 2.69119e+20,4.12669e-08,1.79014e-16
  8) 0,0,1.79014e-16
  1) 1.7901e-16,3.09154e-41,1.7902e-16
  2294180865) 0,0,1.79016e-16
  6) 7.14662e-44,0,1.79016e-16
  2) 2.69119e+20,4.88933e-39,1.79016e-16
  8) 0,0,1.79017e-16
  408396033) 0,0,1.79018e-16
  6) 7.28675e-44,0,1.79019e-16
  2) 2.69119e+20,4.12669e-08,1.79019e-16
  8) 0,0,1.79019e-16
  1) 1.79017e-16,3.09154e-41,1.79022e-16
  3335602945) 0,0,1.79021e-16
  6) 7.14662e-44,0,1.79021e-16
  2) 2.69119e+20,4.88933e-39,1.79022e-16
  8) 0,0,1.79022e-16
  2294182145) 0,0,1.79023e-16
  6) 3.10932e-18,7.70521e+31,1.79024e-16
  2) 7.92262e+34,0.000619492,1.79024e-16
  8) 1.87075e+20,7.15415e+22,1.79025e-16
  0) 1.79015e-16,3.09154e-41,1.79035e-16
  3335336449) 0,0,1.79026e-16
  6) 1.17572e+27,0.000619716,1.79026e-16
  1) 178.146,7.92262e+34,1.79027e-16
  7) 1.56322e-16,1.87076e+20,1.79027e-16
  2865972737) 0,0,1.79028e-16
  6) 9.61206e-09,1.17572e+27,1.79029e-16
  2) 2.77362e-06,1.14106e+18,1.79029e-16
  8) 9.61199e-09,4.75634e+30,1.7903e-16
  1) 1.79027e-16,3.09154e-41,1.79032e-16
  2059909121) 0,0,1.79031e-16
  6) 1.89896e+28,1.73351e-07,1.79031e-16
  1) 7.50156e+28,1.18372e+33,1.79032e-16
  7) 3.28508e-18,2.6454e-18,1.79032e-16
  410101505) 0,0,1.79033e-16
  6) 0.000619492,1.40737e-16,1.79034e-16
  2) 7.15415e+22,0.000619701,1.79034e-16
  8) 1.54587e-16,1.22602e+25,1.79035e-16
  1) 1.7903e-16,3.09154e-41,1.7911e-16
  2872050945) 0,0,1.79036e-16
  6) 7.92262e+34,0.000619492,1.79036e-16
  1) 1.87076e+20,7.15415e+22,1.79037e-16
  7) 7.58764e+31,1.54587e-16,1.79037e-16
  436268289) 0,0,1.79039e-16
  6) 1.09794e-05,4.21935e-08,1.79039e-16
  2) 1.51086e-07,1.61155e-10,1.79039e-16
  8) 3.3129e-18,2.6454e-18,1.7904e-16
  1852143205) 6.89219e-10,7.2723e+22,3.29536e+24
  1702257952) 0.0596757,1.16181e+33,5.55772e-11
  1696608573) 1.94469e+31,4.72793e+22,7.55508e+31
  1030976629) 0.0594353,1.16181e+33,5.55772e-11
  1702261349) 7.55508e+31,2.64524e+20,6.89218e-10
  1882092654) 2.79216e+20,1.50128e-19,1.77538e+28
  1970234465) 1.80966e+31,4.72804e+22,7.55508e+31
  1702257769) 7.55508e+31,0.0606558,1.16181e+33
  1701669236) 5.52869e+31,4.56401e+30,4.23219e+21
  1931489341) 6.89204e-10,6.48316e-10,3.2501e+21
  825437281) 90010,3.09112e-41,8.82662e-12
  929366064) 4.39223e-05,2.66876e-09,3.17638e+21
  128) 2.08754e+21,7.00649e-45,8.82662e-12
  1667853612) 4.52463e+30,4.54497e+30,2.36501e+21
  925969505) 88179.5,3.09112e-41,8.82662e-12
  1667853612) 4.52463e+30,4.54497e+30,2.3648e+21
  959523937) 88179,3.09112e-41,8.82662e-12
  1831626036) 7.50156e+28,1.18372e+33,2.52398e-09
  3746913) 88178.5,3.09112e-41,8.82662e-12
  1831625014) 7.50156e+28,1.18372e+33,4.03837e-08
  926035041) 1.4013e-45,0,2.57158e-39
  625888368) 1.78359e-16,3.09154e-41,1.78381e-16
  333507) 88178,3.09112e-41,8.82662e-12
  12594) 9.77614e-27,4.59051e-41,9.77614e-27
  625897168) 4.22534e-05,4.3682e-05,3.17638e+21
  909257825) 1.78796e-16,3.09154e-41,9.77495e-27
  0) 0.000175689,1.31679e-08,3.17638e+21
  3484769) 1.78796e-16,3.09154e-41,9.77495e-27
  0) 1.03866e+21,4.2188e-08,3.17638e+21
  925969505) 1.78796e-16,3.09154e-41,9.77495e-27
  0) 4.22534e-05,2.6732e-06,3.17638e+21
  875637857) 1.78796e-16,3.09154e-41,9.77495e-27
  0) 4.28929e-08,1.3434e-05,3.17638e+21
  3157089) 1.78796e-16,3.09154e-41,9.77495e-27
  0) 2.04325e+20,2.68046e-09,3.17638e+21
  825306209) 1.78796e-16,3.09154e-41,9.77495e-27
  0) 3.38589e-06,0.000168981,3.17638e+21
  3550305) 1.78796e-16,3.09154e-41,9.77495e-27
  0) 2.59665e+20,1.70629e-07,3.17638e+21
  808660065) 1.78796e-16,3.09154e-41,9.77495e-27
  0) 3.38589e-06,1.03726e-08,3.17638e+21
  959523937) 1.78796e-16,3.09154e-41,9.77495e-27
  0) 4.22534e-05,8.22685e+20,3.17638e+21
  3746913) 1.78796e-16,3.09154e-41,9.77495e-27
  0) 4.39223e-05,3.36461e+21,3.17638e+21
  926035041) 1.78796e-16,3.09154e-41,9.77495e-27
  0) 4.22534e-05,3.27732e-09,3.17638e+21
  825437281) 1.78796e-16,3.09154e-41,9.77495e-27
  0) 3.38589e-06,4.19544e-08,3.17638e+21
  858860641) 1.78796e-16,3.09154e-41,9.77495e-27
  0) 4.39223e-05,2.66876e-09,3.17638e+21
  942746721) 1.78796e-16,3.09154e-41,9.77495e-27
  0) 3.38589e-06,1.0442e-08,3.17638e+21
  3288161) 1.78796e-16,3.09154e-41,9.77495e-27
  0) 2.59665e+20,2.6852e-06,3.17638e+21
  808594529) 1.78796e-16,3.09154e-41,9.77495e-27
  0) 2.11242e+20,5.39342e-05,3.17638e+21
  3222625) 1.78796e-16,3.09154e-41,9.77495e-27
  0) 4.22534e-05,1.34225e-05,3.17638e+21
  875703393) 1.78796e-16,3.09154e-41,9.77495e-27
  0) 1.03866e+21,6.56352e-07,3.17638e+21
  3353697) 1.78796e-16,3.09154e-41,9.77495e-27
  0) 2.04325e+20,1.69111e+22,3.17638e+21
  808528993) 1.78796e-16,3.09154e-41,9.77495e-27
  0) 1.03866e+21,2.70605e+23,3.17638e+21
  858926177) 1.78796e-16,3.09154e-41,9.77495e-27
  0) 3.33536e-09,2.12355e+20,3.17638e+21
  942812257) 1.78796e-16,3.09154e-41,9.77495e-27
  0) 4.22534e-05,4.21862e-08,3.17638e+21
  892415073) 1.78796e-16,3.09154e-41,9.77495e-27
  0) 2.59665e+20,4.22945e-05,3.17638e+21
  959589473) 1.78796e-16,3.09154e-41,9.77495e-27
  0) 2.59665e+20,1.67662e+22,3.17638e+21
  842148961) 1.78796e-16,3.09154e-41,9.77495e-27
  0) 1.35436e-05,2.61016e+20,3.17638e+21
  842083425) 9.77495e-27,4.59051e-41,1.78948e-16
  1) 1.79038e-16,3.09154e-41,1.79107e-16
  2873552641) 0,0,1.79106e-16
  6) 2.6454e-18,4.52377e+30,1.79106e-16
  2) 7.31776e+28,1.05805e-11,1.79107e-16
  8) 1.84005e+37,9.63277e-09,1.79107e-16
  3783297537) 0,0,1.79108e-16
  6) 7.09755e+22,10.1392,1.79109e-16
  2) 1.87076e+20,7.15415e+22,1.79109e-16
  8) 7.58758e+31,2.52079e-09,1.7911e-16
  0) 1.79105e-16,3.09154e-41,1.79115e-16
  410014465) 0,0,1.79111e-16
  6) 1.73351e-07,178.146,1.79111e-16
  2) 1.72022e+22,1.60659e-16,1.79112e-16
  8) 2.6852e-18,2.6454e-18,1.79112e-16
  2867730433) 0,0,1.79113e-16
  6) 2.6454e-18,4.52377e+30,1.79114e-16
  2) 1.10242e+24,1.7699e+31,1.79114e-16
  8) 1.02568e-08,6.78792e-07,1.79115e-16
  1) 1.79113e-16,3.09154e-41,1.7912e-16
  2868497665) 0,0,1.79116e-16
  6) 0.0006197,1.25714e+28,1.79116e-16
  2) 7.09755e+22,3.13793e+27,1.79117e-16
  8) 4.36818e-05,0.000171856,1.79117e-16
  3341728257) 0,0,1.79119e-16
  6) 9.61545e-09,1.72022e+22,1.79119e-16
  2) 7.09755e+22,162.227,1.79119e-16
  8) 1.68514e+22,1.92838e+31,1.7912e-16
  0) 1.79118e-16,3.09154e-41,1.79125e-16
  2299080193) 0,0,1.79121e-16
  6) 1.17572e+27,0.000619716,1.79122e-16
  1) 2.1963e-16,3.40524e-18,1.79122e-16
  7) 0.000619477,178.145,1.79122e-16
  2868508417) 0,0,1.79124e-16
  6) 9.61636e-09,7.02945e+28,1.79124e-16
  2) 6.48231e-10,1.40679e-16,1.79124e-16
  8) 7.02942e+28,1.1022e+24,1.79125e-16
  1) 1.79123e-16,3.09154e-41,1.79128e-16
  411466497) 0,0,1.79126e-16
  6) 1.55428e-16,1.28558e+31,1.79127e-16
  1) 1.72022e+22,6.44748e-10,1.79127e-16
  7) 1.28558e+31,3.31272e-18,1.79127e-16
  409052673) 0,0,1.79129e-16
  6) 1.46404e+37,1.01351e+36,1.79129e-16
  2) 3.09554e-18,9.61591e-09,1.7913e-16
  8) 1.40746e-16,1.28558e+31,1.7913e-16
  339846096) 1.7913e-16,3.09154e-41,1.7913e-16
  625903264) 4.50436e+30,1.83146e+25,1.05056e-38
  625903296) 4.50436e+30,1.83146e+25,1.37786e-11
  625903328) 1.67594e+22,9.6121e-09,7.02945e+28
  625903360) 1.89895e+28,4.43779e-05,2.6454e-18
  625903552) 4.50436e+30,1.83146e+25,1.05056e-38
  625903584) 4.50436e+30,1.83146e+25,1.37786e-11
  625903616) 3.10946e-18,2.64455e-18,2.6454e-18
  625903648) 4.52374e+30,3.29937e-18,2.19606e-16
  625903840) 9.042e-39,4.52377e+30,3.29937e-18
  625903872) 9.042e-39,4.33378e-08,2.6454e-18
  625903904) 1.84005e+37,9.63277e-09,1.25714e+28
  625903936) 1.06467e+24,178.145,7.50309e+28
  625904128) 7.00623e+22,4.06855e+31,3.10948e-18
  625904160) 2.70667e-09,2.63704e-09,2.71499e-06
  625904192) 2.69119e+20,5.25667e-39,1.409e-16
  625904224) 5.14921e+31,3.10948e-18,2.61745e-18
  625904416) 7.00623e+22,4.06855e+31,3.10948e-18
  625904448) 1.19406e-07,2.6454e-18,4.52377e+30
  625904480) 2.69119e+20,1.06239e-05,6.93399e-07
  625904512) 1.52219e+37,1.01351e+36,3.08809e+29
  625904704) 7.00623e+22,1.73988e-18,3.28588e-18
  625904736) 1.73765e-18,7.09755e+22,10.1392
  625904768) 2.69119e+20,4.22573e-05,1.92837e+31
  625904800) 1.17572e+27,0.000619716,178.145
  625904992) 7.00623e+22,128.381,7.31776e+28
  625905024) 1.81433e+31,1.10945e-05,178.146
  625905056) 2.69119e+20,4.52198e-39,1.65056e-07
  625905088) 7.0975e+22,166121,178.145
  625905280) 7.00623e+22,3.97319e+28,3.31266e-18
  625905312) 0.000617984,4.30596e+21,4.52463e+30
  625905344) 2.69119e+20,5.073e-39,9.6121e-09
  625905376) 2.64539e-18,1.83194e+25,3.29874e-18
  625905568) 7.00623e+22,4.16619e+34,0.000619492
  625905600) 1.11216e-16,1.87076e+20,7.15415e+22
  625905632) 2.69119e+20,6.48433e-10,1.52852e-16
  625905664) 2.19615e-16,3.40524e-18,7.09755e+22
  625905856) 7.00623e+22,4.67046e-10,1.71568e-07
  625905888) 1.73765e-18,7.21284e+22,2.36071e-09
  625905920) 2.69119e+20,4.24957e-05,2.64539e-18
  625905952) 244.41,7.55706e+31,1.59792e-16
  625906144) 7.00623e+22,1.01714e+31,1.47234e+37
  625906176) 0.000489044,178.145,3.09554e-18
  625906208) 2.69119e+20,1.65068e-07,1.4074e-16
  625906240) 1.87075e+20,7.15415e+22,0.000619701
  625906432) 7.00623e+22,1.48013e+20,7.15415e+22
  625906464) 2.64275e-18,7.58764e+31,1.55455e-16
  625906496) 2.69119e+20,4.70565e-39,178.146
  625906528) 2.64539e-18,2.82689e+23,939719
  625906720) 7.00623e+22,4.16619e+34,0.000619492
  625906752) 2.63752e-06,6.63861e-07,6.86228e-07
  625906784) 2.69119e+20,4.61382e-39,9.6121e-09
  625906816) 7.92256e+34,0.000619492,1.40733e-16
  625907008) 7.00623e+22,4.16619e+34,0.000619492
  625907040) 1.56126e-16,1.87076e+20,7.15415e+22
  625907072) 2.69119e+20,4.79749e-39,1.5372e-16
  625907104) 2.19629e-16,3.40524e-18,7.09755e+22
  625907296) 7.00623e+22,9.47282e+21,4.50513e+30
  625907328) 3.7838e+22,0.000619715,178.145
  625907360) 2.69119e+20,1.65999e-07,2.64539e-18
  625907392) 7.50151e+28,1.18372e+33,4.03837e-08
  625907584) 7.00623e+22,0.000489733,9.63273e-09
  625907616) 1.11203e-16,1.22602e+25,1.08344e-08
  625907648) 2.69119e+20,2.64108e-06,178.145
  625907680) 1.68514e+22,1.92838e+31,1.49727e+37
  625907872) 7.00623e+22,9.47282e+21,1.92838e+31
  625907904) 9.68622e+24,7.0802e+31,3.31293e-18
  625907936) 2.69119e+20,4.14997e-08,2.64539e-18
  625907968) 1.51085e-07,1.61155e-10,4.14877e-08
  625908160) 7.00623e+22,1.73988e-18,0.000619477
  625908192) 10.1251,178.145,7.31776e+28
  625908224) 2.69119e+20,5.16483e-39,1.01351e+36
  625908256) 178.145,3.09554e-18,9.61546e-09
  625908448) 7.00623e+22,128.381,3.09554e-18
  625908480) 7.91828e+34,0.000619492,1.40754e-16
  625908512) 2.69119e+20,4.88933e-39,0.000619701
  625908544) 7.58758e+31,1.58924e-16,1.22602e+25
  39) 0,0,1.79205e-16
  11) 1.05056e-38,1.18372e+33,1.79206e-16
  13) 1.37786e-11,2.64275e-18,1.79206e-16
  0) 1.12587e+24,5.23922e+16,1.79207e-16
  0) 1.54143e-44,0,4.50436e+30
  7497078) 1.82169e-44,0,4.50436e+30
  762471798) 0,0,9.63269e-09
  577073273) 0,0,1.08344e-08
  1919181921) 0,0,1.79209e-16
  11) 1.05056e-38,1.92838e+31,1.7921e-16
  13) 1.37786e-11,178.001,1.7921e-16
  0) 7.92262e+34,0.000619492,1.7921e-16
  0) 1.54143e-44,0,4.50436e+30
  7497078) 1.82169e-44,0,4.50436e+30
  762471798) 0,0,1.92837e+31
  2103278941) 0,0,2.4717e-18
  1718579824) 0,0,1.79213e-16
  11) 1.05056e-38,1.63884e-10,1.79213e-16
  13) 1.37786e-11,2.64275e-18,1.79214e-16
  0) 3.31266e-18,9.61705e-09,1.79214e-16
  0) 4.2039e-45,0,9.042e-39
  841294450) 4.2039e-45,0,9.042e-39
  577988462) 0,0,2.70859e-09
  1701585475) 0,0,7.58758e+31
  1763853106) 0,0,1.79217e-16
  2) 2.6454e-18,0.000619477,1.79217e-16
  1) 2.52259e-18,9.61205e-09,1.79218e-16
  0) 1.81787e+31,6.77154e-10,1.79218e-16
  0) 9.61546e-09,1.72022e+22,-5.4029e-13
  0) 8.40779e-45,0,7.00623e+22
  623917602) 1.4013e-45,0,2.19443e-16
  1701869940) 9.80909e-45,0,2.69119e+20
  1684300066) 0,0,9.61199e-09
  975336559) 0,0,1.79221e-16
  6) 3.31272e-18,9.61546e-09,1.79221e-16
  2) 9.63277e-09,1.25714e+28,1.79221e-16
  8) 7.0975e+22,3.13793e+27,1.79222e-16
  0) 1.07225e-08,6.62825e-10,2.78487e-24
  0) 8.40779e-45,0,7.00623e+22
  1814184754) 2.8026e-45,0,3.96796e+28
  574829093) 1.12104e-44,0,2.69119e+20
  574235136) 0,0,9.61722e-09
  1936028260) 0,0,1.79224e-16
  6) 4.52377e+30,3.29937e-18,1.79225e-16
  1) 2.70861e-09,2.6454e-18,1.79225e-16
  7) 7.92262e+34,0.000619492,1.79226e-16
  0) 2.6454e-18,4.52377e+30,-4.63005e-13
  0) 8.40779e-45,0,7.00623e+22
  841298737) 2.8026e-45,0,0.000489104
  1931625266) 1.12104e-44,0,2.69119e+20
  628961792) 0,0,2.70859e-09
  975332457) 0,0,1.79228e-16
  6) 1.25714e+28,3.10932e-18,1.79229e-16
  2) 1.53676e-16,2.99321e+21,1.79229e-16
  8) 1.61151e-10,6.60078e-07,1.7923e-16
  0) 4.7627e+30,1.12865e+27,-1.00888e-36
  0) 8.40779e-45,0,7.00623e+22
  1953459315) 1.4013e-45,0,3.40169e-18
  1830959650) 9.80909e-45,0,2.69119e+20
  1769104495) 0,0,4.20092e-05
  1953702467) 0,0,1.79232e-16
  6) 3.08809e+29,2.52259e-18,1.79232e-16
  2) 1.66119e+22,1.81787e+31,1.79233e-16
  8) 3.31269e-18,9.61546e-09,1.79233e-16
  0) 5.14924e+31,3.10948e-18,-22540.5
  0) 8.40779e-45,0,7.00623e+22
  578503474) 1.4013e-45,0,2.64275e-18
  1127359795) 9.80909e-45,0,2.69119e+20
  1819484739) 0,0,1.81785e+31
  1127359869) 0,0,1.79236e-16
  6) 9.63273e-09,5.14924e+31,1.79236e-16
  2) 2.77362e-06,2.6454e-18,1.79237e-16
  8) 178.145,7.31776e+28,1.79237e-16
  0) 1.51388e+37,1.84006e+37,-8392.5
  0) 8.40779e-45,0,7.00623e+22
  1718579824) 2.8026e-45,0,1.73775e-18
  1145661289) 1.12104e-44,0,2.69119e+20
  1936024576) 0,0,1.40855e-16
  1768320623) 0,0,1.7924e-16
  6) 6.73332e+22,6.71202e+22,1.7924e-16
  1) 1.40689e-16,5.1423e+31,1.79241e-16
  8) 2.70859e-09,1.06059e-08,1.79241e-16
  0) 7.00624e+22,1.2853e+31,-1.14606e-33
  0) 8.40779e-45,0,7.00623e+22
  1953459315) 2.8026e-45,0,1.73765e-18
  578503474) 1.12104e-44,0,2.69119e+20
  623979776) 0,0,3.10946e-18
  574829093) 0,0,1.79244e-16
  6) 178.145,7.31776e+28,1.79244e-16
  2) 0.000619701,9.63273e-09,1.79244e-16
  8) 1.22601e+25,1.08344e-08,1.79245e-16
  0) 10382.5,178.145,-26785.5
  0) 8.40779e-45,0,7.00623e+22
  577073273) 2.8026e-45,0,2.98489e-08
  1919181921) 1.12104e-44,0,2.69119e+20
  758784512) 0,0,0.000619695
  2103278941) 0,0,1.79247e-16
  6) 9.61681e-09,7.02945e+28,1.79248e-16
  2) 6.48231e-10,1.40706e-16,1.79248e-16
  8) 1.74849e+25,2.79531e+20,1.79249e-16
  0) 8.40779e-45,0,7.00623e+22
  1701667182) 1.4013e-45,0,3.08248e+29
  1919117677) 9.80909e-45,0,2.69119e+20
  841300274) 0,0,4.84182e+30
  577005858) 0,0,1.79251e-16
  6) 2.19606e-16,3.40524e-18,1.79252e-16
  2) 0.000619477,9.63273e-09,1.79252e-16
  8) 1.22601e+25,1.08344e-08,1.79252e-16
  0) 8.40779e-45,0,7.00623e+22
  623979834) 1.4013e-45,0,2.64275e-18
  1953524082) 9.80909e-45,0,2.69119e+20
  1685025379) 0,0,1.8522e+28
  1702125932) 0,0,1.79255e-16
  6) 1.74109e+25,1.10895e+27,1.79255e-16
  2) 1.17572e+27,6.04903e+28,1.79256e-16
  8) 0.000619486,4.30596e+21,1.79256e-16
  0) 8.40779e-45,0,7.00623e+22
  1701667182) 1.4013e-45,0,6.96551e+22
  1948416859) 9.80909e-45,0,2.69119e+20
  841298221) 0,0,0.000619486
  1931625266) 0,0,1.79259e-16
  6) 2.6454e-18,7.58764e+31,1.79259e-16
  2) 6.77154e-10,178.146,1.7926e-16
  8) 1.22601e+25,1.05805e-11,1.7926e-16
  0) 8.40779e-45,0,7.00623e+22
  1701869940) 2.8026e-45,0,1.73743e-18
  1629635378) 1.12104e-44,0,2.69119e+20
  1953459200) 0,0,3.29935e-18
  578503474) 0,0,1.79263e-16
  6) 1.84006e+37,9.63277e-09,1.79263e-16
  2) 2.6454e-18,7.09755e+22,1.79263e-16
  8) 2.7002e-06,6.66535e-10,1.79264e-16
  0) 8.40779e-45,0,7.00623e+22
  758784628) 2.8026e-45,0,0.000489074
  1948416835) 1.12104e-44,0,2.69119e+20
  841298176) 0,0,0.000619486
  1931625266) 0,0,1.79266e-16
  6) 2.6454e-18,7.58764e+31,1.79267e-16
  2) 1.73351e-07,178.146,1.79267e-16
  8) 1.72022e+22,1.60659e-16,1.79268e-16
  0) 8.40779e-45,0,7.00623e+22
  975332720) 2.8026e-45,0,7.2871e-12
  1684300066) 1.12104e-44,0,2.69119e+20
  975336448) 0,0,3.29935e-18
  1568497021) 0,0,1.7927e-16
  6) 1.02569e-08,6.78792e-07,1.79271e-16
  2) 7.21284e+22,2.41737e-06,1.79271e-16
  8) 2.19858e-18,2.6454e-18,1.79271e-16
  0) 8.40779e-45,0,7.00623e+22
  1685025379) 1.4013e-45,0,7.48956e+28
  623014501) 9.80909e-45,0,2.69119e+20
  1936158313) 0,0,0.000619471
  1814184754) 0,0,1.79274e-16
  6) 1.92838e+31,1.47234e+37,1.79274e-16
  2) 9.61545e-09,1.72022e+22,1.79275e-16
  8) 7.0975e+22,162.227,1.79275e-16
  0) 8.40779e-45,0,7.00623e+22
  574829093) 1.4013e-45,0,2592.01
  1869378338) 9.80909e-45,0,2.69119e+20
  2068001317) 0,0,9.61541e-09
  825047586) 0,0,1.79278e-16
  6) 0.000619477,178.145,1.79278e-16
  2) 9.61206e-09,1.17572e+27,1.79279e-16
  8) 3.29935e-18,1.14036e+18,1.79279e-16
  39) 0,0,1.7928e-16
  11) 1.05056e-38,1.40679e-16,1.7928e-16
  13) 1.37786e-11,1.10032e+24,1.79281e-16
  0) 178.145,7.31776e+28,1.79281e-16
  0) 1.54143e-44,0,4.50436e+30
  7497078) 1.82169e-44,0,4.50436e+30
  762471798) 0,0,178.145
  1530536563) 0,0,9.61518e-09
  623917602) 0,0,1.79284e-16
  11) 1.05056e-38,2.6454e-18,1.79284e-16
  13) 1.37786e-11,7.30387e+28,1.79285e-16
  0) 1.46404e+37,1.01351e+36,1.79285e-16
  0) 1.54143e-44,0,4.50436e+30
  7497078) 1.82169e-44,0,4.50436e+30
  762471798) 0,0,2.64539e-18
  577991525) 0,0,7.31775e+28
  574829093) 0,0,1.79288e-16
  11) 1.05056e-38,3.09554e-18,1.79288e-16
  13) 1.37786e-11,6.99503e+22,1.79288e-16
  0) 1.03158e-08,0.000174702,1.79289e-16
  0) 4.2039e-45,0,9.042e-39
  1701602643) 4.2039e-45,0,9.042e-39
  1853189955) 0,0,7.00619e+22
  1869767529) 0,0,4.50432e+30
  577922422) 0,0,1.79291e-16
  2) 4.84183e+30,178.145,1.79292e-16
  1) 2.52259e-18,9.61205e-09,1.79292e-16
  0) 1.81787e+31,2.70861e-09,1.79293e-16
  0) 9.61546e-09,1.72022e+22,-5.4029e-13
  0) 8.40779e-45,0,7.00623e+22
  624048674) 1.4013e-45,0,2.19443e-16
  1701869940) 9.80909e-45,0,2.69119e+20
  1684300066) 0,0,9.61199e-09
  975336559) 0,0,1.79295e-16
  6) 3.31272e-18,9.61546e-09,1.79296e-16
  2) 5.14924e+31,3.10948e-18,1.79296e-16
  8) 2.64539e-18,4.52377e+30,1.79296e-16
  0) 7.31776e+28,4.33378e-08,2.78487e-24
  0) 8.40779e-45,0,7.00623e+22
  1919164986) 2.8026e-45,0,3.96796e+28
  975324233) 1.12104e-44,0,2.69119e+20
  1127359744) 0,0,1.19728e+22
  1769238633) 0,0,1.79299e-16
  6) 7.48304e+20,6.04903e+28,1.79299e-16
  1) 6.73332e+22,6.71202e+22,1.793e-16
  7) 1.40689e-16,5.1423e+31,1.793e-16
  0) 2.70861e-09,2.63704e-09,-4.63005e-13
  0) 8.40779e-45,0,7.00623e+22
  825893476) 2.8026e-45,0,1.73765e-18
  1953459315) 1.12104e-44,0,2.69119e+20
  578503424) 0,0,2.64539e-18
  1127359793) 0,0,1.79303e-16
  6) 9.61568e-09,1.66119e+22,1.79303e-16
  2) 1.28558e+31,3.31272e-18,1.79304e-16
  8) 9.63269e-09,5.14924e+31,1.79304e-16
  0) 1.73351e-07,2.6454e-18,-1.00888e-36
  0) 8.40779e-45,0,7.00623e+22
  975332457) 1.4013e-45,0,3.08248e+29
  841294407) 9.80909e-45,0,2.69119e+20
  842670707) 0,0,3.31269e-18
  1684611651) 0,0,1.79307e-16
  6) 2.42831e-18,2.6454e-18,1.79307e-16
  2) 0.000619477,6.82517e-07,1.79307e-16
  8) 4.36044e+27,2.52259e-18,1.79308e-16
  0) 3.40651e-18,7.09755e+22,-22540.5
  0) 8.40779e-45,0,7.00623e+22
  2068001317) 1.4013e-45,0,178.001
  841300282) 9.80909e-45,0,2.69119e+20
  1931625266) 0,0,4.52374e+30
  628961338) 0,0,1.7931e-16
  6) 1.73351e-07,178.146,1.79311e-16
  2) 1.72022e+22,1.0316e-08,1.79311e-16
  8) 10382.5,178.145,1.79312e-16
  0) 1.81787e+31,1.10945e-05,-8392.5
  0) 8.40779e-45,0,7.00623e+22
  1919181921) 2.8026e-45,0,128.223
  926556788) 1.12104e-44,0,2.69119e+20
  628972800) 0,0,2.0087e+29
  1145660780) 0,0,1.79314e-16
  6) 1.01982e-08,2.41501e-18,1.79315e-16
  1) 1.74109e+25,1.10895e+27,1.79315e-16
  8) 1.17572e+27,6.04903e+28,1.79315e-16
  0) 0.000619492,4.30596e+21,-1.14606e-33
  0) 8.40779e-45,0,7.00623e+22
  825893476) 2.8026e-45,0,1.73765e-18
  1701667182) 1.12104e-44,0,2.69119e+20
  1948416768) 0,0,1.22601e+25
  574829093) 0,0,1.79318e-16
  6) 178.145,1.68514e+22,1.79318e-16
  2) 1.17572e+27,0.000619716,1.79319e-16
  8) 178.145,7.92262e+34,1.79319e-16
  0) 1.55455e-16,1.87076e+20,-26785.5
  0) 8.40779e-45,0,7.00623e+22
  876225124) 2.8026e-45,0,3.7838e+22
  1127359778) 1.12104e-44,0,2.69119e+20
  2100771328) 0,0,0.000619709
  577005858) 0,0,1.79322e-16
  6) 1.72022e+22,1.58924e-16,1.79322e-16
  2) 4.36045e+27,2.52259e-18,1.79323e-16
  8) 2.70859e-09,6.55621e-10,1.79323e-16
  0) 8.40779e-45,0,7.00623e+22
  1699964777) 1.4013e-45,0,1.59595e-16
  1131704172) 9.80909e-45,0,2.69119e+20
  1768759866) 0,0,3.13792e+27
  1986622052) 0,0,1.79326e-16
  6) 2.52259e-18,3.28588e-18,1.79326e-16
  2) 7.09755e+22,10.1392,1.79327e-16
  8) 1.68514e+22,1.92838e+31,1.79327e-16
  0) 8.40779e-45,0,7.00623e+22
  578056044) 1.4013e-45,0,0.000617984
  1948416835) 9.80909e-45,0,2.69119e+20
  574829093) 0,0,2595.62
  1869378338) 0,0,1.79329e-16
  6) 1.17572e+27,0.000619716,1.7933e-16
  2) 178.146,7.92262e+34,1.7933e-16
  8) 1.58056e-16,1.87076e+20,1.79331e-16
  0) 8.40779e-45,0,7.00623e+22
  975332717) 1.4013e-45,0,937987
  842282806) 9.80909e-45,0,2.69119e+20
  1702125924) 0,0,2.88991e+29
  1713519138) 0,0,1.79333e-16
  6) 1.70862e+25,3.03303e+32,1.79334e-16
  2) 1.16315e+33,1.8174e+31,1.79334e-16
  8) 9.61199e-09,7.9226e+34,1.79335e-16
  0) 8.40779e-45,0,7.00623e+22
  808532514) 2.8026e-45,0,1.11196e-16
  578056044) 1.12104e-44,0,2.69119e+20
  1948416768) 0,0,1.22601e+25
  574829093) 0,0,1.79337e-16
  6) 178.145,1.68514e+22,1.79338e-16
  2) 1.17572e+27,0.000619716,1.79338e-16
  8) 178.145,7.92262e+34,1.79338e-16
  0) 8.40779e-45,0,7.00623e+22
  893002340) 2.8026e-45,0,3.78403e+22
  1127359778) 1.12104e-44,0,2.69119e+20
  2100443648) 0,0,0.000619709
  577005858) 0,0,1.79341e-16
  6) 9.61205e-09,4.75634e+30,1.79341e-16
  2) 7.02945e+28,1.1022e+24,1.79342e-16
  8) 1.40685e-16,1.19729e+22,1.79342e-16
  0) 8.40779e-45,0,7.00623e+22
  577987939) 2.8026e-45,0,2.9848e-08
  1887007778) 1.12104e-44,0,2.69119e+20
  825569536) 0,0,2.74548e+20
  1920234274) 0,0,1.79345e-16
  6) 178.145,3.09554e-18,1.79345e-16
  2) 0.000619492,1.40737e-16,1.79346e-16
  8) 7.15411e+22,0.000619701,1.79346e-16
  0) 8.40779e-45,0,7.00623e+22
  859447924) 1.4013e-45,0,1.49539e+37
  1887007778) 9.80909e-45,0,2.69119e+20
  1684087363) 0,0,1.4075e-16
  578056044) 0,0,1.79349e-16
  6) 7.58764e+31,1.54587e-16,1.79349e-16
  2) 3.40524e-18,7.09755e+22,1.79349e-16
  8) 178.145,1.68514e+22,1.7935e-16
  0) 8.40779e-45,0,7.00623e+22
  1145661289) 1.4013e-45,0,4.1444e-08
  1936024610) 9.80909e-45,0,2.69119e+20
  1952671084) 0,0,1.28557e+31
  1953396079) 0,0,1.79352e-16
  6) 7.09755e+22,3.13793e+27,1.79353e-16
  2) 4.21889e-08,1.71542e-07,1.79353e-16
  8) 3.28585e-18,2.6454e-18,1.79354e-16
  691544096) 2.59572e-06,2.62525e-06,2.59572e-06
  909127013) 178.039,3.09554e-18,9.61546e-09
  1936028260) 0.000619492,1.4074e-16,1.28558e+31
  841298490) 7.15415e+22,0.000619701,9.63273e-09
  577073273) 1.55455e-16,1.22602e+25,4.33378e-08
  1919181921) 7.09755e+22,2595.63,178.145
  876225140) 1.68514e+22,1.92838e+31,1.48896e+37
  1887007778) 0.000619716,178.145,3.09554e-18
  1684087363) 7.92262e+34,0.000619492,1.40754e-16
  578056044) 1.87076e+20,7.15415e+22,0.000619701
  1948416835) 7.58764e+31,1.58924e-16,1.22602e+25
  574829093) 1.14106e+18,178.146,2.74551e+20
  1869770786) 178.145,7.50309e+28,6.97764e+22
  909653553) 1.85217e+28,947862,1.05805e-11
  1952539682) 9.61204e-09,6.73332e+22,1.83144e+25
  574235246) 4.23212e+21,1.05805e-11,178.145
  1853189955) 1.89896e+28,4.43779e-05,2.6454e-18
  577987939) 7.50156e+28,1.18372e+33,2.52398e-09
  1887007778) 3.28508e-18,2.6454e-18,3.09556e-18
  842479414) 1.12587e+24,5.23922e+16,2.74551e+20
  1920234274) 2.6454e-18,1.80954e+31,1.13829e+36
  574235237) 178.145,3.09554e-18,9.61523e-09
  1936028260) 0.000619492,1.40737e-16,1.28558e+31
  841298234) 7.15415e+22,0.000619701,9.63273e-09
  577073273) 1.54587e-16,1.22602e+25,1.08344e-08
  1919181921) 7.09755e+22,648.908,178.145
  859447924) 1.68514e+22,1.92838e+31,1.49727e+37
  1887007778) 0.000619716,178.145,3.09554e-18
  1684087363) 7.92262e+34,0.000619492,1.4075e-16
  578056044) 1.87076e+20,7.15415e+22,0.000619701
  1948416835) 7.58764e+31,1.58057e-16,1.22602e+25
  574829093) 3.40524e-18,7.09755e+22,166121
  1869378338) 178.145,1.68514e+22,1.92838e+31
  2103278941) 1.7464e+25,2.52347e-09,2.47171e-18
  1718579824) 6.55592e-10,6.63847e-07,2.6454e-18
  1145661289) 9.66949e-06,1.63884e-10,4.14877e-08
  1936024610) 2.47171e-18,2.6454e-18,2.81494e+23
  1952671084) 3.31266e-18,9.61705e-09,1.17572e+27
  578055797) 5.23922e+16,2.74551e+20,0.000619492
  1919184754) 3.10948e-18,1.79173e+25,1.76681e+22
  841294450) 1.67832e-07,6.78763e-07,2.6454e-18
  577988462) 1.409e-16,1.22602e+25,2.70861e-09
  1701585475) 2.61745e-18,2.6454e-18,7.58764e+31
  1763853106) 3.29937e-18,2.19609e-16,3.40524e-18
  1109539362) 2.6454e-18,0.000619477,178.145
  1936942450) 2.52259e-18,9.61205e-09,1.17572e+27
  1127359792) 1.81787e+31,6.77154e-10,178.146
  975332720) 9.61546e-09,1.72022e+22,1.55455e-16
  1701995620) 3.10948e-18,2.67166e-18,2.6454e-18
  623917602) 4.52377e+30,3.29937e-18,2.19616e-16
  1701869940) 2.70861e-09,2.6454e-18,0.000619477
  1684300066) 3.08809e+29,2.52259e-18,9.61206e-09
  975336559) 1.66119e+22,1.81787e+31,1.08345e-08
  2037654139) 3.31272e-18,9.61546e-09,1.72022e+22
  1629635378) 9.63277e-09,1.25714e+28,3.10932e-18
  1685025379) 7.09755e+22,3.13793e+27,7.50156e+28
  623014501) 1.07225e-08,6.62825e-10,178.145
  1936158313) 3.28588e-18,2.6454e-18,0.000619477
  1814184754) 10.1392,178.145,7.31776e+28
  574829093) 1.92838e+31,1.47234e+37,1.01351e+36
  574235237) 178.145,3.09554e-18,9.61728e-09
  1936028260) 0.000619492,1.4074e-16,1.28558e+31
  841297978) 4.52377e+30,3.29937e-18,2.19606e-16
  1701869940) 2.70861e-09,2.6454e-18,0.000619477
  1684087363) 7.92262e+34,0.000619492,1.40747e-16
  578056044) 2.6454e-18,4.52377e+30,3.29937e-18
  578503474) 7.31776e+28,2.70861e-09,2.6454e-18
  841298737) 178.146,7.92262e+34,0.000619492
  1931625266) 1.65056e-07,2.6454e-18,4.52377e+30
  628961850) 178.145,7.31776e+28,2.70861e-09
